20.000 0.000 0.13628 0.13628
20.000 0.050 12.70059 7.40310
20.000 0.100 14.06922 8.25540
20.000 0.150 7.94689 4.40642
20.000 0.200 3.62395 0.13506
20.000 0.250 2.91525 1.16659
20.000 0.300 2.58965 5.22681
20.000 0.350 2.68379 6.09016
20.000 0.400 0.56956 0.43990
20.000 0.450 0.80837 0.78844
20.000 0.500 0.08118 0.08125
20.000 0.550 0.70482 0.70082
20.000 0.600 0.11139 0.11117
20.000 0.650 2.36170 2.35971
20.000 0.700 3.34193 3.37257
20.000 0.750 1.89415 1.90264
20.000 0.800 1.81598 1.79468
20.000 0.850 1.45544 1.43694
20.000 0.900 1.32459 1.31772
20.000 0.950 1.40116 1.38846
21.000 0.000 0.13628 0.13628
21.000 0.050 13.63017 7.80183
21.000 0.100 15.95245 16.43182
21.000 0.150 8.61436 3.68855
21.000 0.200 6.35576 3.82680
21.000 0.250 3.39079 0.27074
21.000 0.300 2.88519 1.27889
21.000 0.350 2.63712 9.01543
21.000 0.400 2.67931 4.76375
21.000 0.450 0.09982 0.13547
21.000 0.500 0.10512 0.13491
21.000 0.550 0.32934 0.32931
21.000 0.600 0.00117 0.00095
21.000 0.650 0.39013 0.38717
21.000 0.700 0.52777 0.52675
21.000 0.750 0.11740 0.11804
21.000 0.800 3.70782 3.70964
21.000 0.850 0.53994 0.37346
21.000 0.900 2.09828 2.09838
21.000 0.950 1.14099 1.13858
22.000 0.000 0.13628 0.13628
22.000 0.050 12.93591 7.85452
22.000 0.100 16.10117 18.35671
22.000 0.150 11.59310 2.87228
22.000 0.200 7.73418 4.25975
22.000 0.250 5.23277 0.81261
22.000 0.300 3.46101 0.04794
22.000 0.350 2.72590 0.37344
22.000 0.400 2.51356 6.14130
22.000 0.450 2.48343 6.64855
22.000 0.500 2.63262 5.92521
22.000 0.550 2.44942 0.51332
22.000 0.600 0.10890 0.13070
22.000 0.650 0.84788 0.83515
22.000 0.700 0.03989 0.04127
22.000 0.750 0.00037 0.00018
22.000 0.800 0.75459 0.75017
22.000 0.850 0.18313 0.18388
22.000 0.900 0.00135 0.00121
22.000 0.950 2.17579 2.17599
23.000 0.000 0.13628 0.13628
23.000 0.050 15.01186 10.55476
23.000 0.100 14.96315 8.93531
23.000 0.150 12.92207 12.95540
23.000 0.200 8.24987 0.63360
23.000 0.250 7.24342 2.30966
23.000 0.300 5.53193 2.55192
23.000 0.350 3.35640 0.15138
23.000 0.400 3.29067 0.50242
23.000 0.450 2.74552 3.23527
23.000 0.500 2.48137 4.76243
23.000 0.550 2.37513 4.70009
23.000 0.600 2.53729 5.48204
23.000 0.650 2.56111 1.38216
23.000 0.700 2.46364 2.23895
23.000 0.750 0.11273 0.11337
23.000 0.800 0.58377 0.56975
23.000 0.850 0.15096 0.15360
23.000 0.900 0.00094 0.00124
23.000 0.950 0.73937 0.73618
24.000 0.000 0.13628 0.13628
24.000 0.050 17.50256 15.05027
24.000 0.100 13.09327 8.03625
24.000 0.150 14.03964 15.22810
24.000 0.200 12.38732 7.07022
24.000 0.250 8.65383 2.38214
24.000 0.300 7.37188 3.93103
24.000 0.350 5.93891 2.14097
24.000 0.400 4.40809 0.61051
24.000 0.450 3.25550 0.51676
24.000 0.500 2.83814 1.02167
24.000 0.550 2.52386 2.70327
24.000 0.600 2.46643 4.76829
24.000 0.650 2.52322 6.48112
24.000 0.700 2.41894 5.50616
24.000 0.750 2.60821 5.51766
24.000 0.800 2.35916 0.93359
24.000 0.850 0.46554 0.45982
24.000 0.900 0.59922 0.59944
24.000 0.950 0.67309 0.66668
25.000 0.000 0.13628 0.13628
25.000 0.050 20.55572 17.44103
25.000 0.100 14.19349 7.75671
25.000 0.150 15.21103 9.94550
25.000 0.200 14.54740 14.26810
25.000 0.250 11.26837 5.41775
25.000 0.300 8.44000 2.13937
25.000 0.350 7.84623 1.49452
25.000 0.400 6.20398 2.96327
25.000 0.450 4.90963 0.79271
25.000 0.500 3.65166 0.00710
25.000 0.550 3.31354 0.28274
25.000 0.600 2.99538 0.99393
25.000 0.650 2.64049 2.38451
25.000 0.700 2.38952 4.04477
25.000 0.750 2.44650 5.11705
25.000 0.800 2.47066 6.13427
25.000 0.850 2.36556 5.45717
25.000 0.900 2.54103 4.41880
25.000 0.950 2.43105 2.44430
26.000 0.000 0.13628 0.13628
26.000 0.050 21.53218 20.51845
26.000 0.100 13.16463 8.08111
26.000 0.150 15.45776 11.87496
26.000 0.200 14.21813 9.96117
26.000 0.250 13.26156 11.82809
26.000 0.300 10.65082 3.90724
26.000 0.350 8.57727 1.20332
26.000 0.400 8.54315 6.57568
26.000 0.450 6.77256 2.68852
26.000 0.500 6.13597 3.08284
26.000 0.550 4.69023 0.69076
26.000 0.600 3.76362 0.01527
26.000 0.650 3.39983 0.36454
26.000 0.700 3.12986 0.71756
26.000 0.750 2.76753 0.57673
26.000 0.800 2.50401 1.96056
26.000 0.850 2.30222 3.02152
26.000 0.900 2.45959 5.19902
26.000 0.950 2.51311 5.83724
27.000 0.000 0.13628 0.13628
27.000 0.050 22.77005 22.21092
27.000 0.100 15.54607 11.22768
27.000 0.150 12.79321 6.40710
27.000 0.200 15.15033 10.35969
27.000 0.250 13.33911 12.62607
27.000 0.300 13.15267 11.02454
27.000 0.350 11.32412 5.16718
27.000 0.400 10.47830 6.92747
27.000 0.450 8.49104 1.76024
27.000 0.500 7.77612 5.77368
27.000 0.550 6.51489 2.98587
27.000 0.600 6.15373 3.62123
27.000 0.650 5.09593 0.91990
27.000 0.700 4.14558 0.31212
27.000 0.750 3.39606 0.01770
27.000 0.800 3.26980 0.17171
27.000 0.850 3.03504 0.33030
27.000 0.900 2.79307 0.77408
27.000 0.950 2.61092 2.28451
28.000 0.000 0.13628 0.13628
28.000 0.050 24.97328 25.08751
28.000 0.100 18.51468 16.08644
28.000 0.150 14.24674 8.86845
28.000 0.200 12.92418 6.52573
28.000 0.250 15.44646 11.75569
28.000 0.300 13.48160 10.48779
28.000 0.350 13.88921 11.81810
28.000 0.400 12.59080 10.37013
28.000 0.450 11.56801 5.87052
28.000 0.500 9.49456 3.55152
28.000 0.550 8.55739 2.35946
28.000 0.600 7.64254 5.46962
28.000 0.650 6.90575 2.83623
28.000 0.700 6.37642 2.38671
28.000 0.750 5.89771 2.12280
28.000 0.800 4.72314 0.72967
28.000 0.850 4.07309 0.12171
28.000 0.900 3.46906 0.01871
28.000 0.950 3.37841 0.26167
29.000 0.000 0.13628 0.13628
29.000 0.050 27.10949 27.19455
29.000 0.100 20.87719 17.78293
29.000 0.150 15.42117 10.15815
29.000 0.200 14.33148 7.75090
29.000 0.250 14.32049 9.76975
29.000 0.300 15.00118 10.60001
29.000 0.350 14.79359 11.61869
29.000 0.400 14.19678 17.77948
29.000 0.450 12.60218 6.52731
29.000 0.500 12.05473 5.97499
29.000 0.550 11.13533 6.38558
29.000 0.600 9.80433 4.66663
29.000 0.650 8.49111 2.62113
29.000 0.700 7.52006 2.61537
29.000 0.750 7.01972 3.00322
29.000 0.800 6.19946 1.01066
29.000 0.850 6.42488 4.01504
29.000 0.900 5.91779 2.25799
29.000 0.950 4.90608 0.34558
30.000 0.000 0.13628 0.13628
30.000 0.050 29.33503 29.45337
30.000 0.100 22.87301 21.56226
30.000 0.150 18.49580 14.82243
30.000 0.200 13.88591 8.01000
30.000 0.250 14.77877 8.73692
30.000 0.300 13.63669 8.12586
30.000 0.350 15.24761 11.35713
30.000 0.400 14.66033 10.73847
30.000 0.450 13.18370 11.04815
30.000 0.500 14.40665 14.73837
30.000 0.550 12.88862 8.52104
30.000 0.600 11.87385 5.14826
30.000 0.650 10.90064 4.98380
30.000 0.700 9.97740 5.03527
30.000 0.750 9.15610 1.68886
30.000 0.800 8.00633 1.10364
30.000 0.850 7.29834 2.15002
30.000 0.900 7.18015 6.85689
30.000 0.950 6.71136 2.45852
31.000 0.000 0.13628 0.13628
31.000 0.050 31.49540 31.70621
31.000 0.100 24.74991 24.71044
31.000 0.150 20.41286 18.66206
31.000 0.200 16.93176 10.98501
31.000 0.250 13.90550 8.99475
31.000 0.300 14.02969 6.96378
31.000 0.350 13.82936 7.72351
31.000 0.400 16.10101 10.20886
31.000 0.450 15.26064 10.41500
31.000 0.500 14.35330 10.51243
31.000 0.550 13.54846 13.92240
31.000 0.600 14.28893 15.81406
31.000 0.650 12.77312 8.41465
31.000 0.700 12.42323 7.55630
31.000 0.750 11.98590 4.63938
31.000 0.800 11.05371 5.37141
31.000 0.850 9.85211 4.05643
31.000 0.900 9.43060 2.99476
31.000 0.950 9.42538 3.48836
32.000 0.000 0.13628 0.13628
32.000 0.050 33.53369 33.76975
32.000 0.100 26.82749 26.90777
32.000 0.150 23.48553 22.36766
32.000 0.200 19.09248 16.77253
32.000 0.250 16.40560 10.90251
32.000 0.300 14.28827 9.12390
32.000 0.350 14.82655 7.71778
32.000 0.400 14.51937 8.13282
32.000 0.450 15.02249 10.21224
32.000 0.500 15.10400 12.91301
32.000 0.550 15.39918 10.81258
32.000 0.600 14.51433 9.68623
32.000 0.650 13.64516 10.75986
32.000 0.700 14.34599 15.90179
32.000 0.750 14.22114 11.71054
32.000 0.800 12.45601 7.82835
32.000 0.850 12.28592 6.91532
32.000 0.900 12.23925 5.83863
32.000 0.950 10.67936 5.00994
33.000 0.000 0.13628 0.13628
33.000 0.050 35.46652 35.77747
33.000 0.100 29.28858 29.49834
33.000 0.150 25.10305 25.31100
33.000 0.200 22.90323 21.36396
33.000 0.250 19.65309 15.99606
33.000 0.300 16.67335 11.50291
33.000 0.350 15.27546 9.31384
33.000 0.400 15.91294 10.03145
33.000 0.450 13.29369 6.29827
33.000 0.500 14.12643 8.27834
33.000 0.550 15.33454 12.35201
33.000 0.600 15.88627 11.75529
33.000 0.650 14.90716 9.95066
33.000 0.700 15.14046 10.51372
33.000 0.750 14.78106 10.69237
33.000 0.800 12.21688 6.55749
33.000 0.850 14.22121 16.63161
33.000 0.900 14.52723 14.60980
33.000 0.950 13.06364 7.16778
34.000 0.000 0.13628 0.13628
34.000 0.050 37.29159 37.65380
34.000 0.100 31.60225 31.84335
34.000 0.150 27.19683 27.31342
34.000 0.200 25.03080 24.01282
34.000 0.250 22.39872 19.90415
34.000 0.300 19.70380 15.49647
34.000 0.350 18.30944 12.14282
34.000 0.400 15.52718 9.95856
34.000 0.450 14.64088 8.43823
34.000 0.500 15.85406 10.40029
34.000 0.550 13.28975 7.31729
34.000 0.600 14.24352 7.12421
34.000 0.650 14.50857 10.52255
34.000 0.700 16.27155 11.72255
34.000 0.750 14.97586 11.48551
34.000 0.800 15.05239 8.79784
34.000 0.850 15.17846 10.59772
34.000 0.900 14.23012 9.96873
34.000 0.950 13.10964 7.64696
35.000 0.000 0.13628 0.13628
35.000 0.050 39.01263 39.39238
35.000 0.100 33.91443 34.24737
35.000 0.150 29.80320 29.95357
35.000 0.200 26.88402 26.80411
35.000 0.250 25.26769 24.33612
35.000 0.300 22.55391 19.95202
35.000 0.350 20.10404 17.22541
35.000 0.400 18.68380 14.88212
35.000 0.450 16.95437 11.50730
35.000 0.500 15.97298 10.21883
35.000 0.550 15.03351 9.39765
35.000 0.600 16.07559 10.44967
35.000 0.650 14.91841 8.38425
35.000 0.700 13.28465 7.54078
35.000 0.750 14.47005 8.40249
35.000 0.800 14.89536 9.88070
35.000 0.850 16.23541 11.66333
35.000 0.900 15.35546 11.01498
35.000 0.950 15.34300 10.83544
36.000 0.000 0.13628 0.13628
36.000 0.050 40.73076 41.16257
36.000 0.100 36.11566 36.46297
36.000 0.150 32.29479 32.53957
36.000 0.200 29.20261 29.37653
36.000 0.250 26.92270 26.90774
36.000 0.300 25.39593 24.91536
36.000 0.350 23.50908 21.86892
36.000 0.400 21.05555 18.89932
36.000 0.450 19.75712 15.43566
36.000 0.500 18.71301 12.64293
36.000 0.550 16.85602 10.55734
36.000 0.600 16.14326 10.06802
36.000 0.650 15.01726 8.35913
36.000 0.700 15.44935 9.93265
36.000 0.750 15.17294 9.43758
36.000 0.800 14.02955 6.90652
36.000 0.850 13.07907 7.21589
36.000 0.900 14.54736 9.00212
36.000 0.950 13.97455 8.33303
37.000 0.000 0.13628 0.13628
37.000 0.050 42.25049 42.73960
37.000 0.100 38.25785 38.65218
37.000 0.150 34.66642 34.97766
37.000 0.200 31.65883 31.86118
37.000 0.250 29.22115 29.41343
37.000 0.300 27.38011 27.35850
37.000 0.350 25.96322 25.20227
37.000 0.400 24.98744 23.96389
37.000 0.450 22.03865 21.81454
37.000 0.500 21.28849 18.06562
37.000 0.550 19.98849 15.65228
37.000 0.600 19.35382 14.35422
37.000 0.650 17.69204 11.60491
37.000 0.700 16.65215 11.20235
37.000 0.750 15.96191 9.81005
37.000 0.800 14.60918 8.41332
37.000 0.850 15.22080 8.81433
37.000 0.900 16.14752 10.68749
37.000 0.950 14.97225 8.21696
38.000 0.000 0.13628 0.13628
38.000 0.050 43.66110 44.17597
38.000 0.100 40.21335 40.64801
38.000 0.150 36.98963 37.38591
38.000 0.200 34.16239 34.43035
38.000 0.250 31.70590 31.91030
38.000 0.300 29.69362 29.89135
38.000 0.350 28.07517 27.99194
38.000 0.400 26.25107 25.76142
38.000 0.450 25.72998 24.81450
38.000 0.500 24.89474 24.01897
38.000 0.550 21.96883 20.02613
38.000 0.600 21.34840 19.04186
38.000 0.650 20.78859 15.69505
38.000 0.700 19.22020 13.75449
38.000 0.750 18.86868 12.50769
38.000 0.800 17.21141 11.32735
38.000 0.850 16.78533 10.54333
38.000 0.900 16.19602 10.33516
38.000 0.950 15.42983 9.25276
39.000 0.000 0.13628 0.13628
39.000 0.050 44.97124 45.50447
39.000 0.100 42.05548 42.53432
39.000 0.150 39.21124 39.64111
39.000 0.200 36.58497 36.92184
39.000 0.250 34.29571 34.56194
39.000 0.300 32.23176 32.41420
39.000 0.350 30.50527 30.69691
39.000 0.400 28.85078 29.04306
39.000 0.450 27.76935 27.75537
39.000 0.500 26.49081 25.63111
39.000 0.550 25.97576 24.65251
39.000 0.600 25.27617 24.30316
39.000 0.650 23.75052 21.49032
39.000 0.700 22.32148 19.59227
39.000 0.750 21.50920 18.16231
39.000 0.800 20.03685 16.40052
39.000 0.850 18.77988 14.21757
39.000 0.900 18.93042 12.96831
39.000 0.950 18.24342 11.92405
40.000 0.000 0.13628 0.13628
40.000 0.050 46.21160 46.73038
40.000 0.100 43.82195 44.33400
40.000 0.150 41.35510 41.77661
40.000 0.200 38.91337 39.32791
40.000 0.250 36.74201 37.06919
40.000 0.300 34.83496 35.11575
40.000 0.350 33.05807 33.26827
40.000 0.400 31.53657 31.74060
40.000 0.450 30.15035 30.35729
40.000 0.500 28.90001 29.33631
40.000 0.550 27.94732 27.94512
40.000 0.600 26.68255 25.94100
40.000 0.650 26.58304 25.66253
40.000 0.700 25.87354 24.72212
40.000 0.750 25.19450 24.60267
40.000 0.800 23.38744 21.08049
40.000 0.850 22.39199 19.46465
40.000 0.900 21.60192 18.78278
40.000 0.950 20.54694 16.07310
41.000 0.000 0.13628 0.13628
41.000 0.050 47.33866 47.86778
41.000 0.100 45.47239 45.99583
41.000 0.150 43.22957 43.68278
41.000 0.200 41.13697 41.57146
41.000 0.250 39.15256 39.54411
41.000 0.300 37.32849 37.63196
41.000 0.350 35.68268 35.96003
41.000 0.400 34.13184 34.35925
41.000 0.450 32.75838 32.94905
41.000 0.500 31.53033 31.74349
41.000 0.550 30.38073 30.59728
41.000 0.600 29.22499 29.39934
41.000 0.650 28.58142 28.53379
41.000 0.700 27.62668 27.80815
41.000 0.750 27.00107 26.15777
41.000 0.800 26.67829 25.77555
41.000 0.850 26.06249 24.88024
41.000 0.900 25.50471 24.61159
41.000 0.950 24.31970 21.83303
42.000 0.000 0.13628 0.13628
42.000 0.050 48.37854 48.90073
42.000 0.100 46.98622 47.52544
42.000 0.150 45.02079 45.51288
42.000 0.200 43.25024 43.71046
42.000 0.250 41.44089 41.87178
42.000 0.300 39.73799 40.13780
42.000 0.350 38.16932 38.49016
42.000 0.400 36.75127 37.04348
42.000 0.450 35.41378 35.64742
42.000 0.500 34.15126 34.36658
42.000 0.550 33.00459 33.21936
42.000 0.600 31.98021 32.20065
42.000 0.650 31.01692 31.24224
42.000 0.700 30.09272 30.32265
42.000 0.750 29.32808 29.43337
42.000 0.800 28.67195 28.62193
42.000 0.850 27.87539 28.00294
42.000 0.900 27.22688 26.36369
42.000 0.950 27.07431 26.13063
43.000 0.000 0.13628 0.13628
43.000 0.050 49.31163 49.86388
43.000 0.100 48.34028 48.90150
43.000 0.150 46.70087 47.21225
43.000 0.200 45.06562 45.55733
43.000 0.250 43.57633 44.02685
43.000 0.300 42.03265 42.47611
43.000 0.350 40.59214 40.98714
43.000 0.400 39.24711 39.57909
43.000 0.450 37.98900 38.29185
43.000 0.500 36.81826 37.08476
43.000 0.550 35.69835 35.91928
43.000 0.600 34.63321 34.85186
43.000 0.650 33.65790 33.86495
43.000 0.700 32.75425 32.96454
43.000 0.750 31.95413 32.15738
43.000 0.800 31.13149 31.34943
43.000 0.850 30.37350 30.59546
43.000 0.900 29.70609 29.93621
43.000 0.950 29.18233 29.11073
44.000 0.000 0.13628 0.13628
44.000 0.050 50.13680 50.67482
44.000 0.100 49.54141 50.10333
44.000 0.150 48.22687 48.77341
44.000 0.200 46.81258 47.30031
44.000 0.250 45.48035 45.96143
44.000 0.300 44.17962 44.62578
44.000 0.350 42.89438 43.30821
44.000 0.400 41.64453 42.03509
44.000 0.450 40.47202 40.81641
44.000 0.500 39.37356 39.68554
44.000 0.550 38.32771 38.61413
44.000 0.600 37.32483 37.59213
44.000 0.650 36.36614 36.60630
44.000 0.700 35.44941 35.66661
44.000 0.750 34.60551 34.80757
44.000 0.800 33.78955 34.01129
44.000 0.850 33.04964 33.27033
44.000 0.900 32.37167 32.57745
44.000 0.950 31.69556 31.91120
45.000 0.000 0.13628 0.13628
45.000 0.050 50.81885 51.35881
45.000 0.100 50.63168 51.21170
45.000 0.150 49.61947 50.16016
45.000 0.200 48.41215 48.89374
45.000 0.250 47.22320 47.71005
45.000 0.300 46.10044 46.57892
45.000 0.350 44.99960 45.45302
45.000 0.400 43.89011 44.32747
45.000 0.450 42.81384 43.22129
45.000 0.500 41.78041 42.16355
45.000 0.550 40.79596 41.14216
45.000 0.600 39.88038 40.18493
45.000 0.650 39.00087 39.29004
45.000 0.700 38.14005 38.41530
45.000 0.750 37.31926 37.56314
45.000 0.800 36.51812 36.75346
45.000 0.850 35.76766 36.00721
45.000 0.900 35.04771 35.26702
45.000 0.950 34.37588 34.56893
46.000 0.000 0.13628 0.13628
46.000 0.050 51.36673 51.94378
46.000 0.100 51.58443 52.15053
46.000 0.150 50.84451 51.38527
46.000 0.200 49.85579 50.38490
46.000 0.250 48.83955 49.32235
46.000 0.300 47.83434 48.31872
46.000 0.350 46.90076 47.36056
46.000 0.400 45.95633 46.40740
46.000 0.450 45.00174 45.43508
46.000 0.500 44.07458 44.50260
46.000 0.550 43.17064 43.55784
46.000 0.600 42.30559 42.67741
46.000 0.650 41.49329 41.81173
46.000 0.700 40.67897 40.99576
46.000 0.750 39.93329 40.23203
46.000 0.800 39.21463 39.47259
46.000 0.850 38.46769 38.74271
46.000 0.900 37.77951 38.02858
46.000 0.950 37.11968 37.35143
47.000 0.000 0.13628 0.13628
47.000 0.050 51.82201 52.37225
47.000 0.100 52.38205 52.97601
47.000 0.150 51.90246 52.46238
47.000 0.200 51.14435 51.68253
47.000 0.250 50.29233 50.77307
47.000 0.300 49.43336 49.90210
47.000 0.350 48.61346 49.05488
47.000 0.400 47.79488 48.23902
47.000 0.450 47.00353 47.45256
47.000 0.500 46.18448 46.60997
47.000 0.550 45.39334 45.81138
47.000 0.600 44.60146 45.01587
47.000 0.650 43.83257 44.20704
47.000 0.700 43.09731 43.45670
47.000 0.750 42.38755 42.75458
47.000 0.800 41.70289 42.02957
47.000 0.850 41.04266 41.35164
47.000 0.900 40.41742 40.70321
47.000 0.950 39.78588 40.06642
48.000 0.000 0.13628 0.13628
48.000 0.050 52.12503 52.69104
48.000 0.100 53.06213 53.65311
48.000 0.150 52.81181 53.38037
48.000 0.200 52.26966 52.80650
48.000 0.250 51.57919 52.10131
48.000 0.300 50.85030 51.31797
48.000 0.350 50.12469 50.61078
48.000 0.400 49.42246 49.89006
48.000 0.450 48.74583 49.19312
48.000 0.500 48.06485 48.52297
48.000 0.550 47.38352 47.82849
48.000 0.600 46.70043 47.12157
48.000 0.650 46.02608 46.44935
48.000 0.700 45.35988 45.77588
48.000 0.750 44.69849 45.10408
48.000 0.800 44.05702 44.43176
48.000 0.850 43.46082 43.82711
48.000 0.900 42.86346 43.21756
48.000 0.950 42.28868 42.61621
49.000 0.000 0.13628 0.13628
49.000 0.050 52.32556 52.89463
49.000 0.100 53.63280 54.20451
49.000 0.150 53.60320 54.17298
49.000 0.200 53.22703 53.76839
49.000 0.250 52.71144 53.22756
49.000 0.300 52.12262 52.60997
49.000 0.350 51.50700 51.99565
49.000 0.400 50.88693 51.38797
49.000 0.450 50.31445 50.76236
49.000 0.500 49.72812 50.16221
49.000 0.550 49.13316 49.59794
49.000 0.600 48.58748 49.04104
49.000 0.650 48.00332 48.44944
49.000 0.700 47.41642 47.85017
49.000 0.750 46.83641 47.25915
49.000 0.800 46.27733 46.70010
49.000 0.850 45.72059 46.11328
49.000 0.900 45.17447 45.54851
49.000 0.950 44.64037 44.99918
50.000 0.000 0.13628 0.13628
50.000 0.050 52.41763 52.99780
50.000 0.100 54.05130 54.64324
50.000 0.150 54.24960 54.82768
50.000 0.200 54.06187 54.58714
50.000 0.250 53.67235 54.18482
50.000 0.300 53.22611 53.73348
50.000 0.350 52.74356 53.23443
50.000 0.400 52.22489 52.69960
50.000 0.450 51.72261 52.18329
50.000 0.500 51.21660 51.67191
50.000 0.550 50.71454 51.17252
50.000 0.600 50.22022 50.65927
50.000 0.650 49.72075 50.17131
50.000 0.700 49.24515 49.70452
50.000 0.750 48.76300 49.20169
50.000 0.800 48.28282 48.70986
50.000 0.850 47.77897 48.19584
50.000 0.900 47.30187 47.71552
50.000 0.950 46.82836 47.23953
51.000 0.000 0.13628 0.13628
51.000 0.050 52.37401 52.95438
51.000 0.100 54.36091 54.94163
51.000 0.150 54.76917 55.34312
51.000 0.200 54.72102 55.27604
51.000 0.250 54.49700 55.03358
51.000 0.300 54.16488 54.67997
51.000 0.350 53.77629 54.29792
51.000 0.400 53.37599 53.86430
51.000 0.450 52.96309 53.42399
51.000 0.500 52.54740 52.98438
51.000 0.550 52.11038 52.57661
51.000 0.600 51.68096 52.15208
51.000 0.650 51.26895 51.71414
51.000 0.700 50.85039 51.28112
51.000 0.750 50.43394 50.86897
51.000 0.800 50.01770 50.46812
51.000 0.850 49.61444 50.06488
51.000 0.900 49.19803 49.64537
51.000 0.950 48.79076 49.22200
52.000 0.000 0.13628 0.13628
52.000 0.050 52.19780 52.80732
52.000 0.100 54.56957 55.15555
52.000 0.150 55.12348 55.76046
52.000 0.200 55.26638 55.83292
52.000 0.250 55.16054 55.70111
52.000 0.300 54.94749 55.48736
52.000 0.350 54.68600 55.19945
52.000 0.400 54.37238 54.87550
52.000 0.450 54.03908 54.50785
52.000 0.500 53.68733 54.16973
52.000 0.550 53.34120 53.80284
52.000 0.600 52.97756 53.43547
52.000 0.650 52.63863 53.07601
52.000 0.700 52.26737 52.72921
52.000 0.750 51.92257 52.35579
52.000 0.800 51.56965 51.99054
52.000 0.850 51.19284 51.61818
52.000 0.900 50.85799 51.29277
52.000 0.950 50.50876 50.96123
53.000 0.000 0.13628 0.13628
53.000 0.050 51.89959 52.54146
53.000 0.100 54.60963 55.25541
53.000 0.150 55.40946 56.00813
53.000 0.200 55.68191 56.26499
53.000 0.250 55.70336 56.24714
53.000 0.300 55.58466 56.14503
53.000 0.350 55.44149 55.95253
53.000 0.400 55.21145 55.71382
53.000 0.450 54.95969 55.45446
53.000 0.500 54.69631 55.16588
53.000 0.550 54.41421 54.87458
53.000 0.600 54.12106 54.57093
53.000 0.650 53.83727 54.27120
53.000 0.700 53.52821 53.97366
53.000 0.750 53.22531 53.67285
53.000 0.800 52.91652 53.35668
53.000 0.850 52.63556 53.06763
53.000 0.900 52.32505 52.77048
53.000 0.950 52.03630 52.44744
54.000 0.000 0.13628 0.13628
54.000 0.050 51.47098 52.12498
54.000 0.100 54.55871 55.20899
54.000 0.150 55.54870 56.16514
54.000 0.200 55.95856 56.56426
54.000 0.250 56.09805 56.67762
54.000 0.300 56.09671 56.63401
54.000 0.350 56.01392 56.54622
54.000 0.400 55.88218 56.40480
54.000 0.450 55.71031 56.21343
54.000 0.500 55.50323 56.02098
54.000 0.550 55.30109 55.79311
54.000 0.600 55.06524 55.55462
54.000 0.650 54.85032 55.30412
54.000 0.700 54.62903 55.06197
54.000 0.750 54.37303 54.80733
54.000 0.800 54.10088 54.56700
54.000 0.850 53.86033 54.30539
54.000 0.900 53.60502 54.05732
54.000 0.950 53.35194 53.80387
55.000 0.000 0.13628 0.13628
55.000 0.050 50.91012 51.60993
55.000 0.100 54.37773 55.06391
55.000 0.150 55.58583 56.19722
55.000 0.200 56.11085 56.72439
55.000 0.250 56.37055 56.94761
55.000 0.300 56.46014 57.03776
55.000 0.350 56.46692 57.01509
55.000 0.400 56.40174 56.94082
55.000 0.450 56.30441 56.86482
55.000 0.500 56.20665 56.71671
55.000 0.550 56.04210 56.55758
55.000 0.600 55.88087 56.37969
55.000 0.650 55.71808 56.19274
55.000 0.700 55.52298 56.00110
55.000 0.750 55.33032 55.79308
55.000 0.800 55.13942 55.58035
55.000 0.850 54.91934 55.37361
55.000 0.900 54.71189 55.17358
55.000 0.950 54.52422 54.96860
56.000 0.000 0.13628 0.13628
56.000 0.050 50.23673 50.94545
56.000 0.100 54.10272 54.79211
56.000 0.150 55.49134 56.14951
56.000 0.200 56.14708 56.78614
56.000 0.250 56.51598 57.11880
56.000 0.300 56.70961 57.30314
56.000 0.350 56.79933 57.37111
56.000 0.400 56.81195 57.37616
56.000 0.450 56.78604 57.32724
56.000 0.500 56.72965 57.24889
56.000 0.550 56.63970 57.15598
56.000 0.600 56.52976 57.04423
56.000 0.650 56.40387 56.92563
56.000 0.700 56.28716 56.76761
56.000 0.750 56.12761 56.63997
56.000 0.800 55.98208 56.46257
56.000 0.850 55.83600 56.30582
56.000 0.900 55.68291 56.11586
56.000 0.950 55.50687 55.94956
57.000 0.000 0.13628 0.13628
57.000 0.050 49.41783 50.15811
57.000 0.100 53.67969 54.42177
57.000 0.150 55.24269 55.96348
57.000 0.200 56.07033 56.75698
57.000 0.250 56.54574 57.19202
57.000 0.300 56.82765 57.43929
57.000 0.350 56.99837 57.59038
57.000 0.400 57.10243 57.65097
57.000 0.450 57.10427 57.67910
57.000 0.500 57.12647 57.67336
57.000 0.550 57.08295 57.62438
57.000 0.600 57.06364 57.57574
57.000 0.650 56.98520 57.48803
57.000 0.700 56.86625 57.41465
57.000 0.750 56.81190 57.28265
57.000 0.800 56.70235 57.18283
57.000 0.850 56.58726 57.06760
57.000 0.900 56.45767 56.93720
57.000 0.950 56.31298 56.81080
58.000 0.000 0.13628 0.13628
58.000 0.050 48.49363 49.26119
58.000 0.100 53.14132 53.92653
58.000 0.150 54.92435 55.68167
58.000 0.200 55.87852 56.58028
58.000 0.250 56.44660 57.13443
58.000 0.300 56.80433 57.46812
58.000 0.350 57.06988 57.67611
58.000 0.400 57.23599 57.83344
58.000 0.450 57.31745 57.90586
58.000 0.500 57.39139 57.94618
58.000 0.550 57.38567 57.95520
58.000 0.600 57.40789 57.96141
58.000 0.650 57.37794 57.91013
58.000 0.700 57.34890 57.88359
58.000 0.750 57.26865 57.81939
58.000 0.800 57.23218 57.75412
58.000 0.850 57.15751 57.67759
58.000 0.900 57.08399 57.57558
58.000 0.950 56.99858 57.49528
59.000 0.000 0.13628 0.13628
59.000 0.050 47.43313 48.21297
59.000 0.100 52.52121 53.33647
59.000 0.150 54.48669 55.27535
59.000 0.200 55.55362 56.29859
59.000 0.250 56.22920 56.92774
59.000 0.300 56.68374 57.36257
59.000 0.350 57.00765 57.67347
59.000 0.400 57.23209 57.86372
59.000 0.450 57.39514 58.02933
59.000 0.500 57.50085 58.12149
59.000 0.550 57.59753 58.16474
59.000 0.600 57.63800 58.19878
59.000 0.650 57.64995 58.24169
59.000 0.700 57.66390 58.21314
59.000 0.750 57.64655 58.19890
59.000 0.800 57.62935 58.17946
59.000 0.850 57.58945 58.12571
59.000 0.900 57.56464 58.08719
59.000 0.950 57.51453 58.02809
60.000 0.000 0.13628 0.13628
60.000 0.050 46.24822 47.04519
60.000 0.100 51.78556 52.62580
60.000 0.150 53.93047 54.76960
60.000 0.200 55.13558 55.92098
60.000 0.250 55.88984 56.65590
60.000 0.300 56.45355 57.17372
60.000 0.350 56.82007 57.53712
60.000 0.400 57.12576 57.79491
60.000 0.450 57.32190 58.00278
60.000 0.500 57.51056 58.14286
60.000 0.550 57.62129 58.25278
60.000 0.600 57.71343 58.34906
60.000 0.650 57.78989 58.37788
60.000 0.700 57.83435 58.41812
60.000 0.750 57.87448 58.44974
60.000 0.800 57.89616 58.45358
60.000 0.850 57.88847 58.46244
60.000 0.900 57.89988 58.44400
60.000 0.950 57.85972 58.43337
61.000 0.000 0.13628 0.13628
61.000 0.050 44.92391 45.74670
61.000 0.100 50.94168 51.84411
61.000 0.150 53.26170 54.13750
61.000 0.200 54.59486 55.46114
61.000 0.250 55.46050 56.26145
61.000 0.300 56.07324 56.88036
61.000 0.350 56.55090 57.29818
61.000 0.400 56.89466 57.61489
61.000 0.450 57.15654 57.87181
61.000 0.500 57.37597 58.06004
61.000 0.550 57.56297 58.21105
61.000 0.600 57.69257 58.34543
61.000 0.650 57.80644 58.44387
61.000 0.700 57.87707 58.51245
61.000 0.750 57.97000 58.57591
61.000 0.800 58.01304 58.62580
61.000 0.850 58.05846 58.64327
61.000 0.900 58.09318 58.67468
61.000 0.950 58.09865 58.67931
62.000 0.000 0.13628 0.13628
62.000 0.050 42.87735 43.84288
62.000 0.100 50.02723 50.96630
62.000 0.150 52.52061 53.45175
62.000 0.200 53.97492 54.86604
62.000 0.250 54.93537 55.79321
62.000 0.300 55.61343 56.45198
62.000 0.350 56.12788 56.93879
62.000 0.400 56.56094 57.33910
62.000 0.450 56.88070 57.64052
62.000 0.500 57.13948 57.89157
62.000 0.550 57.35389 58.05853
62.000 0.600 57.54385 58.25348
62.000 0.650 57.68879 58.36070
62.000 0.700 57.80587 58.48058
62.000 0.750 57.91462 58.56573
62.000 0.800 57.99138 58.65331
62.000 0.850 58.08319 58.71491
62.000 0.900 58.13496 58.75822
62.000 0.950 58.18429 58.80635
63.000 0.000 0.13628 0.13628
63.000 0.050 41.44407 42.39536
63.000 0.100 49.03771 49.98770
63.000 0.150 51.69769 52.66397
63.000 0.200 53.24210 54.20043
63.000 0.250 54.30440 55.23066
63.000 0.300 55.05920 55.94340
63.000 0.350 55.64571 56.50898
63.000 0.400 56.10403 56.93727
63.000 0.450 56.46644 57.28296
63.000 0.500 56.78557 57.58208
63.000 0.550 57.04642 57.81615
63.000 0.600 57.27082 58.01503
63.000 0.650 57.44317 58.18090
63.000 0.700 57.60268 58.32528
63.000 0.750 57.73727 58.46207
63.000 0.800 57.86126 58.57645
63.000 0.850 57.97578 58.65660
63.000 0.900 58.07024 58.74306
63.000 0.950 58.13952 58.81106
64.000 0.000 0.13628 0.13628
64.000 0.050 39.86852 40.77653
64.000 0.100 47.98048 48.98504
64.000 0.150 50.82103 51.83241
64.000 0.200 52.45976 53.45437
64.000 0.250 53.59375 54.54478
64.000 0.300 54.40771 55.34708
64.000 0.350 55.04348 55.96412
64.000 0.400 55.57057 56.44953
64.000 0.450 55.98983 56.83610
64.000 0.500 56.32782 57.17101
64.000 0.550 56.61335 57.45372
64.000 0.600 56.87555 57.67628
64.000 0.650 57.09520 57.89336
64.000 0.700 57.28662 58.07843
64.000 0.750 57.45878 58.20731
64.000 0.800 57.61856 58.36701
64.000 0.850 57.74358 58.48297
64.000 0.900 57.85185 58.58429
64.000 0.950 57.98025 58.70227
65.000 0.000 0.13628 0.13628
65.000 0.050 38.10010 38.97708
65.000 0.100 46.92632 47.91692
65.000 0.150 49.88421 50.93432
65.000 0.200 51.62374 52.66233
65.000 0.250 52.81756 53.80810
65.000 0.300 53.69956 54.69873
65.000 0.350 54.38323 55.34507
65.000 0.400 54.94755 55.90279
65.000 0.450 55.38132 56.31975
65.000 0.500 55.79098 56.68609
65.000 0.550 56.08769 56.98073
65.000 0.600 56.40041 57.25965
65.000 0.650 56.64411 57.49798
65.000 0.700 56.85187 57.69541
65.000 0.750 57.08972 57.88538
65.000 0.800 57.25784 58.05016
65.000 0.850 57.42266 58.18434
65.000 0.900 57.53300 58.32414
65.000 0.950 57.65815 58.44656
66.000 0.000 0.13628 0.13628
66.000 0.050 36.14332 36.99942
66.000 0.100 45.80117 46.80559
66.000 0.150 48.92527 49.98276
66.000 0.200 50.74622 51.82670
66.000 0.250 51.99641 53.05151
66.000 0.300 52.90853 53.96123
66.000 0.350 53.64052 54.68128
66.000 0.400 54.21990 55.23089
66.000 0.450 54.71426 55.73139
66.000 0.500 55.13669 56.12553
66.000 0.550 55.49167 56.43864
66.000 0.600 55.82980 56.75520
66.000 0.650 56.09446 57.00910
66.000 0.700 56.34440 57.25524
66.000 0.750 56.57736 57.47355
66.000 0.800 56.77371 57.64120
66.000 0.850 56.97035 57.82387
66.000 0.900 57.12308 57.97157
66.000 0.950 57.30438 58.10292
67.000 0.000 0.13628 0.13628
67.000 0.050 33.71749 34.56392
67.000 0.100 44.67444 45.67474
67.000 0.150 47.97383 49.06036
67.000 0.200 49.83049 50.95335
67.000 0.250 51.12447 52.24402
67.000 0.300 52.09108 53.19425
67.000 0.350 52.86668 53.96545
67.000 0.400 53.49353 54.55297
67.000 0.450 54.00681 55.06007
67.000 0.500 54.44658 55.47591
67.000 0.550 54.84944 55.86801
67.000 0.600 55.17642 56.16889
67.000 0.650 55.48061 56.46983
67.000 0.700 55.75484 56.72225
67.000 0.750 55.98888 56.93476
67.000 0.800 56.24749 57.16777
67.000 0.850 56.42213 57.34093
67.000 0.900 56.60953 57.52589
67.000 0.950 56.78342 57.67978
68.000 0.000 0.13628 0.13628
68.000 0.050 30.07469 30.96442
68.000 0.100 43.55017 44.53427
68.000 0.150 46.98962 48.10059
68.000 0.200 48.93238 50.06792
68.000 0.250 50.25920 51.43391
68.000 0.300 51.24956 52.41034
68.000 0.350 52.05547 53.19301
68.000 0.400 52.70267 53.82654
68.000 0.450 53.24490 54.35930
68.000 0.500 53.70544 54.79922
68.000 0.550 54.11865 55.20364
68.000 0.600 54.46657 55.54568
68.000 0.650 54.82182 55.86184
68.000 0.700 55.11392 56.14680
68.000 0.750 55.35670 56.37592
68.000 0.800 55.60299 56.59648
68.000 0.850 55.80442 56.79002
68.000 0.900 56.00841 57.00961
68.000 0.950 56.22551 57.16829
69.000 0.000 0.13628 0.13628
69.000 0.050 26.78811 27.62324
69.000 0.100 41.86432 42.96165
69.000 0.150 46.07459 47.16974
69.000 0.200 48.05488 49.21195
69.000 0.250 49.41445 50.59620
69.000 0.300 50.41531 51.63084
69.000 0.350 51.22813 52.41871
69.000 0.400 51.89974 53.09115
69.000 0.450 52.45500 53.62923
69.000 0.500 52.93830 54.10656
69.000 0.550 53.36855 54.50627
69.000 0.600 53.73342 54.88685
69.000 0.650 54.07481 55.20024
69.000 0.700 54.38107 55.48032
69.000 0.750 54.65789 55.75298
69.000 0.800 54.90443 55.99010
69.000 0.850 55.16643 56.22099
69.000 0.900 55.36652 56.41673
69.000 0.950 55.56343 56.59441
70.000 0.000 0.13628 0.13628
70.000 0.050 0.13195 0.13573
70.000 0.100 40.84596 41.88040
70.000 0.150 45.15471 46.24384
70.000 0.200 47.19295 48.37023
70.000 0.250 48.57948 49.78498
70.000 0.300 49.61146 50.84120
70.000 0.350 50.44444 51.67645
70.000 0.400 51.10573 52.34465
70.000 0.450 51.68662 52.88758
70.000 0.500 52.16122 53.38053
70.000 0.550 52.59987 53.79264
70.000 0.600 52.98730 54.16118
70.000 0.650 53.33893 54.51562
70.000 0.700 53.64702 54.81222
70.000 0.750 53.93854 55.08013
70.000 0.800 54.19851 55.34438
70.000 0.850 54.45532 55.56114
70.000 0.900 54.66914 55.77738
70.000 0.950 54.87809 55.98644
71.000 0.000 0.13628 0.13628
71.000 0.050 21.67719 22.49882
71.000 0.100 39.80711 40.78902
71.000 0.150 44.28124 45.36090
71.000 0.200 46.39771 47.56695
71.000 0.250 47.79122 49.01482
71.000 0.300 48.83595 50.08680
71.000 0.350 49.64879 50.91879
71.000 0.400 50.32583 51.59814
71.000 0.450 50.90237 52.16369
71.000 0.500 51.39390 52.66366
71.000 0.550 51.84817 53.09815
71.000 0.600 52.21306 53.48154
71.000 0.650 52.59313 53.81228
71.000 0.700 52.91409 54.12421
71.000 0.750 53.19023 54.40797
71.000 0.800 53.46031 54.67002
71.000 0.850 53.69875 54.89565
71.000 0.900 53.92264 55.10906
71.000 0.950 54.15208 55.32229
72.000 0.000 0.13628 0.13628
72.000 0.050 0.46916 0.47580
72.000 0.100 38.71870 39.61511
72.000 0.150 43.47989 44.51643
72.000 0.200 45.66446 46.80556
72.000 0.250 47.06019 48.27836
72.000 0.300 48.10578 49.35585
72.000 0.350 48.94100 50.19732
72.000 0.400 49.58625 50.89469
72.000 0.450 50.17373 51.48038
72.000 0.500 50.67257 51.96132
72.000 0.550 51.09714 52.39679
72.000 0.600 51.49420 52.78778
72.000 0.650 51.83322 53.12099
72.000 0.700 52.15709 53.43256
72.000 0.750 52.43740 53.73840
72.000 0.800 52.73833 53.99524
72.000 0.850 52.96656 54.24994
72.000 0.900 53.21709 54.44911
72.000 0.950 53.41017 54.66695
73.000 0.000 0.13628 0.13628
73.000 0.050 0.46071 0.45448
73.000 0.100 37.53648 38.39688
73.000 0.150 42.68581 43.69937
73.000 0.200 44.94011 46.08835
73.000 0.250 46.39463 47.60531
73.000 0.300 47.43033 48.69619
73.000 0.350 48.25472 49.54684
73.000 0.400 48.90852 50.23202
73.000 0.450 49.46504 50.79966
73.000 0.500 49.95436 51.30231
73.000 0.550 50.37526 51.72919
73.000 0.600 50.75881 52.10794
73.000 0.650 51.10955 52.45231
73.000 0.700 51.43110 52.77018
73.000 0.750 51.72062 53.06388
73.000 0.800 51.99284 53.33328
73.000 0.850 52.22255 53.56187
73.000 0.900 52.47333 53.80150
73.000 0.950 52.71407 53.99461
74.000 0.000 0.13628 0.13628
74.000 0.050 0.39503 0.39082
74.000 0.100 36.24155 37.03942
74.000 0.150 41.44537 42.51629
74.000 0.200 44.32521 45.40988
74.000 0.250 45.78305 46.97301
74.000 0.300 46.82029 48.07233
74.000 0.350 47.61894 48.92309
74.000 0.400 48.27990 49.59927
74.000 0.450 48.81245 50.17738
74.000 0.500 49.31334 50.66188
74.000 0.550 49.71808 51.10452
74.000 0.600 50.10939 51.47833
74.000 0.650 50.44291 51.81343
74.000 0.700 50.75649 52.14392
74.000 0.750 51.02381 52.40873
74.000 0.800 51.30877 52.66090
74.000 0.850 51.53205 52.91203
74.000 0.900 51.76220 53.15659
74.000 0.950 51.97541 53.35035
75.000 0.000 0.13628 0.13628
75.000 0.050 0.42528 0.42034
75.000 0.100 34.52508 35.28151
75.000 0.150 40.79674 41.78502
75.000 0.200 43.72501 44.80449
75.000 0.250 45.23815 46.40433
75.000 0.300 46.27001 47.51215
75.000 0.350 47.05772 48.36069
75.000 0.400 47.70929 49.03817
75.000 0.450 48.24589 49.60912
75.000 0.500 48.71720 50.08880
75.000 0.550 49.11048 50.50980
75.000 0.600 49.48071 50.88953
75.000 0.650 49.80758 51.23104
75.000 0.700 50.10668 51.51731
75.000 0.750 50.38946 51.80202
75.000 0.800 50.65133 52.06649
75.000 0.850 50.88953 52.30592
75.000 0.900 51.12168 52.52945
75.000 0.950 51.30768 52.73131
76.000 0.000 0.13628 0.13628
76.000 0.050 0.44236 0.43436
76.000 0.100 32.72154 33.38312
76.000 0.150 40.08367 41.01335
76.000 0.200 43.18598 44.17764
76.000 0.250 44.71056 45.86314
76.000 0.300 45.76491 46.99494
76.000 0.350 46.54934 47.83645
76.000 0.400 47.19027 48.50810
76.000 0.450 47.70911 49.07394
76.000 0.500 48.14773 49.56651
76.000 0.550 48.57191 49.96042
76.000 0.600 48.91615 50.33937
76.000 0.650 49.21672 50.66961
76.000 0.700 49.53161 50.95236
76.000 0.750 49.80580 51.24630
76.000 0.800 50.02947 51.49401
76.000 0.850 50.27613 51.72169
76.000 0.900 50.48002 51.92947
76.000 0.950 50.67680 52.13486
77.000 0.000 0.13628 0.13628
77.000 0.050 0.33089 0.33968
77.000 0.100 29.97264 30.85320
77.000 0.150 39.30918 40.16220
77.000 0.200 42.09164 43.17193
77.000 0.250 44.24245 45.31915
77.000 0.300 45.31148 46.49946
77.000 0.350 46.11201 47.36118
77.000 0.400 46.73357 48.04716
77.000 0.450 47.23404 48.59822
77.000 0.500 47.66486 49.06477
77.000 0.550 48.07142 49.48510
77.000 0.600 48.38923 49.85615
77.000 0.650 48.71017 50.16301
77.000 0.700 48.98489 50.44029
77.000 0.750 49.23484 50.72823
77.000 0.800 49.45102 50.92565
77.000 0.850 49.70376 51.17377
77.000 0.900 49.89314 51.38218
77.000 0.950 50.08168 51.57923
78.000 0.000 0.13628 0.13628
78.000 0.050 0.32723 0.32094
78.000 0.100 0.16696 0.18380
78.000 0.150 38.39072 39.17604
78.000 0.200 41.57682 42.59314
78.000 0.250 43.76715 44.80874
78.000 0.300 44.88767 46.03066
78.000 0.350 45.68206 46.91213
78.000 0.400 46.31130 47.59848
78.000 0.450 46.81936 48.14675
78.000 0.500 47.24277 48.63017
78.000 0.550 47.61004 49.01551
78.000 0.600 47.94055 49.36220
78.000 0.650 48.24265 49.69111
78.000 0.700 48.48789 49.97058
78.000 0.750 48.74710 50.23063
78.000 0.800 48.97834 50.45327
78.000 0.850 49.17356 50.68229
78.000 0.900 49.35569 50.86729
78.000 0.950 49.55185 51.06274
79.000 0.000 0.13628 0.13628
79.000 0.050 0.16856 0.16936
79.000 0.100 0.64868 0.65320
79.000 0.150 37.26158 37.97175
79.000 0.200 40.99520 41.93527
79.000 0.250 42.69775 43.83510
79.000 0.300 44.47550 45.55970
79.000 0.350 45.29562 46.48131
79.000 0.400 45.93222 47.17151
79.000 0.450 46.42721 47.72678
79.000 0.500 46.84916 48.20711
79.000 0.550 47.19979 48.59598
79.000 0.600 47.52455 48.94199
79.000 0.650 47.78911 49.25210
79.000 0.700 48.06536 49.52096
79.000 0.750 48.28129 49.77560
79.000 0.800 48.51822 49.98609
79.000 0.850 48.71181 50.20122
79.000 0.900 48.87729 50.39498
79.000 0.950 49.04140 50.58353
