40.000 0.000 0.07456 0.07456
40.000 0.010 1.83818 1.60766
40.000 0.020 0.44172 1.70812
40.000 0.030 0.42844 0.00311
40.000 0.040 1.68142 0.01990
40.000 0.050 5.27569 3.27999
40.000 0.060 0.14460 0.16069
40.000 0.070 0.08563 0.11563
40.000 0.080 1.30698 5.32142
40.000 0.090 0.97726 6.62360
40.000 0.100 3.21815 14.38101
38.300 0.000 0.07456 0.07456
38.300 0.010 1.65281 1.47433
38.300 0.020 4.24028 2.39608
38.300 0.030 0.01026 0.81080
38.300 0.040 4.64021 1.46430
38.300 0.050 0.02339 0.25574
38.300 0.060 0.12768 0.16513
38.300 0.070 1.31675 9.51094
38.300 0.080 0.31458 3.15789
38.300 0.090 2.91148 10.97381
38.300 0.100 5.06081 8.06130
36.500 0.000 0.07456 0.07456
36.500 0.010 1.77729 1.66727
36.500 0.020 0.18605 3.27060
36.500 0.030 0.30783 0.34756
36.500 0.040 0.91450 0.58415
36.500 0.050 0.65935 0.24092
36.500 0.060 0.18290 0.18272
36.500 0.070 1.22353 1.19122
36.500 0.080 2.46866 9.46335
36.500 0.090 2.00991 9.01844
36.500 0.100 2.89815 5.78895
35.000 0.000 0.07456 0.07456
35.000 0.010 1.78337 1.56743
35.000 0.020 1.10386 0.07975
35.000 0.030 0.54671 0.09640
35.000 0.040 0.39838 2.31326
35.000 0.050 4.94196 3.56185
35.000 0.060 0.00657 0.00431
35.000 0.070 1.43829 1.26898
35.000 0.080 2.54986 12.30269
35.000 0.090 4.12385 14.99304
35.000 0.100 2.66914 7.19701
33.300 0.000 0.07456 0.07456
33.300 0.010 2.19690 1.66773
33.300 0.020 2.44904 0.17300
33.300 0.030 1.43133 0.29423
33.300 0.040 1.44319 0.00055
33.300 0.050 4.90786 5.36740
33.300 0.060 0.11180 0.17244
33.300 0.070 0.79291 0.72605
33.300 0.080 1.54305 7.27418
33.300 0.090 1.21795 5.99811
33.300 0.100 2.70678 5.39506
31.600 0.000 0.07456 0.07456
31.600 0.010 2.53663 2.01415
31.600 0.020 3.49553 0.37900
31.600 0.030 0.17700 0.71454
31.600 0.040 0.11876 0.49093
31.600 0.050 1.74462 0.25982
31.600 0.060 0.26442 0.21810
31.600 0.070 0.93395 0.91397
31.600 0.080 6.34074 12.61842
31.600 0.090 2.88300 8.39404
31.600 0.100 2.94136 8.91380
30.000 0.000 0.07456 0.07456
30.000 0.010 1.74566 1.53365
30.000 0.020 2.09547 3.44118
30.000 0.030 0.47768 0.03621
30.000 0.040 0.38748 0.02373
30.000 0.050 4.44914 2.40312
30.000 0.060 0.51690 0.41419
30.000 0.070 1.69176 1.64845
30.000 0.080 1.49995 8.84180
30.000 0.090 1.44732 4.14911
30.000 0.100 1.27771 7.65268
28.300 0.000 0.07456 0.07456
28.300 0.010 2.37753 1.86589
28.300 0.020 4.14037 1.40183
28.300 0.030 1.30692 0.02096
28.300 0.040 3.79992 0.31806
28.300 0.050 1.67652 0.81568
28.300 0.060 0.20498 0.20795
28.300 0.070 1.53018 5.55274
28.300 0.080 2.66365 10.61394
28.300 0.090 2.30209 9.52227
28.300 0.100 2.53811 11.20664
26.600 0.000 0.07456 0.07456
26.600 0.010 1.91753 1.67222
26.600 0.020 2.99722 0.12527
26.600 0.030 3.93718 0.49170
26.600 0.040 0.05761 0.00003
26.600 0.050 3.32621 2.11770
26.600 0.060 0.45295 0.51197
26.600 0.070 0.72767 0.65637
26.600 0.080 2.81695 8.84634
26.600 0.090 3.82844 13.08109
26.600 0.100 2.93766 7.07171
25.000 0.000 0.07456 0.07456
25.000 0.010 1.78070 1.54710
25.000 0.020 0.53954 0.01735
25.000 0.030 1.96957 0.14345
25.000 0.040 0.19298 0.00234
25.000 0.050 0.18248 0.17685
25.000 0.060 0.29996 0.24406
25.000 0.070 1.43073 1.27621
25.000 0.080 1.81776 5.50597
25.000 0.090 3.43848 8.15671
25.000 0.100 1.77991 4.24023
23.300 0.000 0.07456 0.07456
23.300 0.010 2.01596 1.75672
23.300 0.020 1.00438 0.05457
23.300 0.030 2.12360 0.61041
23.300 0.040 0.29853 0.03161
23.300 0.050 2.91428 1.57775
23.300 0.060 0.31995 0.42589
23.300 0.070 0.61293 7.21144
23.300 0.080 1.74550 7.64926
23.300 0.090 4.75212 9.83315
23.300 0.100 0.91009 5.70099
21.600 0.000 0.07456 0.07456
21.600 0.010 2.11039 1.62364
21.600 0.020 1.70720 0.02146
21.600 0.030 0.85130 0.00002
21.600 0.040 0.79087 0.66841
21.600 0.050 5.03007 3.52073
21.600 0.060 0.02396 0.03171
21.600 0.070 0.75134 0.73174
21.600 0.080 3.64308 6.85768
21.600 0.090 3.00689 6.63680
21.600 0.100 3.87324 8.72519
20.000 0.000 0.07456 0.07456
20.000 0.010 2.44588 1.76053
20.000 0.020 1.24399 0.09310
20.000 0.030 0.75531 0.21940
20.000 0.040 3.44888 3.26604
20.000 0.050 0.68777 0.12164
20.000 0.060 0.00338 0.00745
20.000 0.070 0.82620 0.67630
20.000 0.080 1.94961 5.35358
20.000 0.090 5.48778 8.37051
20.000 0.100 2.14758 8.49146
